13435662087
13682404247
13424403962
13670299377
13554999148
13417451033
13824325298
13729749267
15817116368
13542430359
13533329293
18207668069
15917154945
13431020334
13826857496
13416397108
13542416328
13435979061
13660147080
18826458228
13570303755
13726829337
13726849816
13727521558
15989155077
13424458144
13416599937
13622265571
13668960438
13560376218
13560376218
15915859328
15918600346
18819182538
13763333817
13660612057
15889917522
13711144149
13697456368
13760719278
13660231342
13725418699
13926252554
13822205461
13533536535
13926136811
13710507633
15989187397
13434395112
13926200141
13902239637
13802914196
13710236908
13533400086
13533400086
13903018509
18320419401
15917470516
13710507860
18819254664
13928872366
13418109729
15889917301
15914306705
13694269125
18218462683
13533669560
13902301530
15975885341
15811777479
13432717024
15813238803
13927134022
13553971939
15219648278
15917628286
15107675295
13411787210
13580673754
13729672207
13411777247
18811856070
13417209017
13411121516
13415224543
13539502237
18819844527
13411107729
18318713569
13927698719
13631099687
13420527835
13417262047
13450305280
13580132141
15014463321
13411722626
13719803312
13826735802
13922799949
13826191949
13684930574
13410066434
13620972714
13692162520
18818697062
13760295668
13760390697
13430712083
13528721751
13510033582
13686230809
13763252181
15218108033
15917654685
15815395617
15019962708
15815395617
18813866883
13686801527
18826849035
13549261570
13712358140
13790598853
13423318064
13527937548
13546967872
13580743194
13556327997
13417502247
13544296457
13670133067
13725550611
13713609603
13714335523
15919728086
13530071169
13632668860
15818530251
18820947159
13556830569
13691803276
13641455916
15019244069
13631634798
18823408229
15019275017
15013455857
13510570870
13590295785
13923856033
13418960603
13480624849
13715275905
13530718764
13651475751
15999874580
13549260183
18319500148
13650179428
18707623300
15818309105
13750288609
13715253886
13672731870
13712771885
13903036529
13802548480
13450948972
18316763829
13825414175
13719270276
13423876711
13710250255
13432115343
15907692013
18829901930
15218444700
13424272352
15089999850
13423853385
15917962038
13414266093
15913809787
13538445457
13760295911
13686622533
18318830881
13413102786
15015460501
13670739429
13713806893
13713806893
18312347404
13751979700
13556483427
13500187273
13924992944
13434523123
15217086008
13829349283
13725123860
13556611083
13556291325
13425985105
15107539578
15899678910
15976217201
13829996208
13662959905
13724418083
13410380758
13760347736
13692899923
13434036260
13798133498
15015437520
13902616002
18244932225
13825920229
13428883830
13922525627
13714507330
15900053862
13710507633
13726134646
13609645565
13530583101
13556726596
13537006197
18218568881
15112844989
15089612274
13560635872
13717323661
13433479367
13680713142
13413049055
13538298505
15119075286
13711444258
13543856737
15118417679
13829318675
13560506810
13539542330
13609027863
13692392972
15820981925
13926206883
13418287266
15767189455
15019060930
13714576881
13652456289
13556735825
13556843082
15016796932
13642586374
15986736255
13480978691
13823136195
15876964004
15920062684
15816063292
13726941361
15875719635
18312347404
15814472881
13433453048
13712045838
13428748959
13649897801
13725016783
13528942336
18320259428
13590261908
15112861914
13530797423
13926831177
18316789499
15818492305
18823019833
13670253387
13670204591
13712017171
13798880221
15112861914
13828280896
13670149396
13798145959
13534495903
13798438373
13539080567
13556273831
13414901101
15814457345
18718860236
13632776780
13430839140
13430763213
13538572067
13676250288
15013479850
18898361530
13823140044
13528678110
13538309078
13553815855
13620947291
13679743794
15820803858
13630015343
13532104480
15768132930
13641493859
13546930618
18820710219
13416948702
15767629215
13688932181
13532104480
15118525038
15013808019
18319669774
13622948961
13502523144
15119504072
18200764611
15992226240
13808807763
15913581393
13652430600
18826673356
13827168261
15818580953
15814358876
15015204959
13533454587
13650265796
15917732741
15218045146
15992222364
18813756845
13751886099
13434719208
13760135174
13686104301
13538942686
13903015018
13714508858
18319050695
13424882488
13824313926
13622392295
15919775197
15018080318
13528750142
13725091165
13544110265
15976786306
13590680123
13539962731
13425874221
15818427860
13790599431
13535618081
13672925658
13543375219
18318139688
15875885239
18318689568
13422768707
13822361233
13535909823
15768697531
15913630138
18312591837
13680442237
18200812791
13431779084
18318165396
13829834993
13450511856
18211372118
13427356886
13432909644
13725990272
13686982877
18898519910
15913692946
15994857546
15986258639
13415840655
13642416281
18826734818
18826710025
13824886639
18807644197
13642409420
13536161177
13553687652
13725630188
15986249787
18306620657
18320605532
13630475486
15994851105
15015026531
13727713453
18316275986
13727845397
18316433892
18306652693
13542148936
18320615616
13556950883
13829834993
15975664482
18318139126
13623079401
15119487273
15819937674
15014399062
13692599619
13534875623
13824873974
13794289368
13534887035
15767219704
13653054435
13622912421
13500075959
13827653447
13542387131
15976552556
15986243418
13725612075
18802551268
13537975851
18898512258
13824864915
15019880701
18200979925
15889821241
13542682322
15976507218
15818919112
15913631203
13632505159
13723407683
13689580665
13510312428
13794482014
18319389457
13544665878
13751272139
15217589165
13416884962
13672907103
13670328971
13670362860
15994943905
15919586656
13542241148
13670447984
13411960949
15889168327
15816676614
15889259258
13531531758
13822361233
15016224965
13927350341
13725879595
18826966059
15986568729
13431848032
13556221171
13802860646
13662885506
15016240969
13790104751
18200723399
18320254399
13725084983
15899916123
15766560798
13537217901
13642513368
15812907858
13502277508
13549185065
13825920229
15016242431
18218134940
13751966363
13502522985
13922525627
13829297498
13723692121
13502201619
13826628120
13680890777
15899914080
13825790952
13430162608
15220394920
13531621907
13556236082
15817788712
15817704036
15016828344
13528041765
13827876072
13729911659
13532920079
15819039791
13631745386
13431197445
13650684770
13631996261
15815449907
13537134066
13631928061
13528605274
15986582978
15218784255
18200644881
13713272157
15217591808
15999794108
15767099420
13431831630
13450734438
13532603095
13713297099
18219403025
13662976970
15015190069
13723531905
13537110380
15113261917
18820710219
13631965135
18316338117
13416937436
15916798707
13650401663
13431888608
15089262895
15018886334
15113493013
13643082273
13528542687
13532493406
15876426753
13712704109
15217118499
13713219750
13532162576
15768437358
13723667581
13421028303
13431810200
15999752123
13411249638
18718019727
13546963403
13650272444
13650682717
13669544303
18344396395
15218116047
13719974572
13751332588
18319506511
13480080895
18218535358
15916392373
13549316865
15118417206
15989612088
13549228660
13750250497
18316942396
13723661574
15118965534
18320470478
13713220278
13450624535
15218051190
13416885852
13536279321
13711945078
13612730421
18318284835
15218777170
13620078980
13642913257
15999862391
13612672458
13662776353
15913883941
15820704328
13926898843
15820957418
13794540840
18319514395
13549488344
13686240594
13592796716
13549368804
13433620902
13556288597
15219158940
13726409680
15876914509
15218775445
18344396395
13412738300
15976710263
13413195889
13437360375
13528036825
13421905592
13680810598
15766656365
15818210183
13413021762
13825937726
15766822722
13422995487
13790777257
13712807997
15917936215
13825983925
13652685337
15820704328
13652635577
13422441992
14718445115
13829331518
18320242095
13669587095
13413152584
13620017697
18820341167
13422932681
15015286725
13531716412
18824872230
13527969162
15218092974
15876497469
13620081060
13669895259
15817716996
15919455179
13600436378
13823562491
15016741808
13434210512
13660030864
13902278239