13600000001
13600000002
13600000003
13600000004
13600000005
13600000006
13600000007
13600000008
13600000009
13600000010
13600000011
13600000012
13600000013
13600000014
13600000015
13600000016
13600000017
13600000018
13600000019
13600000020
13600000021
13600000022
13600000023
13600000024
13600000025
13600000026
13600000027
13600000028
13600000029
13600000030
13600000031
13600000032
13600000033
13600000034
13600000035
13600000036
13600000037
13600000038
13600000039
13600000040
13600000041
13600000042
13600000043
13600000044
13600000045
13600000046
13600000047
13600000048
13600000049
13600000050
13600000051
13600000052
13600000053
13600000054
13600000055
13600000056
13600000057
13600000058
13600000059
13600000060
13600000061
13600000062
13600000063
13600000064
13600000065
13600000066
13600000067
13600000068
13600000069
13600000070
13600000071
13600000072
13600000073
13600000074
13600000075
13600000076
13600000077
13600000078
13600000079
13600000080
13600000081
13600000082
13600000083
13600000084
13600000085
13600000086
13600000087
13600000088
13600000089
13600000090
13600000091
13600000092
13600000093
13600000094
13600000095
13600000096
13600000097
13600000098
13600000099
13600000100
13600000101
13600000102
13600000103
13600000104
13600000105
13600000106
13600000107
13600000108
13600000109
13600000110
13600000111
13600000112
13600000113
13600000114
13600000115
13600000116
13600000117
13600000118
13600000119
13600000120
13600000121
13600000122
13600000123
13600000124
13600000125
13600000126
13600000127
13600000128
13600000129
13600000130
13600000131
13600000132
13600000133
13600000134
13600000135
13600000136
13600000137
13600000138
13600000139
13600000140
13600000141
13600000142
13600000143
13600000144
13600000145
13600000146
13600000147
13600000148
13600000149
13600000150
13600000151
13600000152
13600000153
13600000154
13600000155
13600000156
13600000157
13600000158
13600000159
13600000160
13600000161
13600000162
13600000163
13600000164
13600000165
13600000166
13600000167
13600000168
13600000169
13600000170
13600000171
13600000172
13600000173
13600000174
13600000175
13600000176
13600000177
13600000178
13600000179
13600000180
13600000181
13600000182
13600000183
13600000184
13600000185
13600000186
13600000187
13600000188
13600000189
13600000190
13600000191
13600000192
13600000193
13600000194
13600000195
13600000196
13600000197
13600000198
13600000199
13600000200
